2.22222
2.5
2.85714
4
5
4
2.85714
3.33333
4
4
2.85714
3.33333
3.33333
2.5
2.85714
2.85714
2.85714
4
4
2.85714
6.66667
2.85714
2.5
2.5
4
4
2.5
3.33333
2.22222
2.5
2.5
3.33333
4
5
2.5
4
5
4
2.85714
4
6.66667
3.33333
2.85714
2.5
3.33333
2.85714
3.33333
4
3.33333
3.33333
3.33333
4
2.85714
5
3.33333
3.33333
3.33333
4
2.85714
2.5
5
3.33333
2.22222
5
4
5
3.33333
2.22222
2.5
2.5
2.5
3.33333
2.85714
2.85714
3.33333
5
3.33333
3.33333
3.33333
2.5
2.5
2.22222
2.5
2.22222
5
3.33333
2.85714
4
2.85714
6.66667
5
6.66667
2.22222
3.33333
2.22222
3.33333
2.22222
2.5
3.33333
2.5
