Energy of neutron****************************************
20
15.8677
12.2885
9.98133
7.88679
6.17194
5.9658
2.84031
2.82594
0.715955
0.597797
0.200044
0.14645
0.0813158
0.0445816
0.0178241
0.0155474
0.00607547
0.00304913
0.000215377
0.000109253
5.65617e-05
3.3123e-05
1.19129e-05
1.09035e-05
1.06727e-05
4.81789e-06
3.92958e-06
3.41237e-06
2.353e-06
1.67275e-06
3.37923e-07
2.64874e-07
1.09184e-07
1.46966e-07
4.19938e-08
4.90469e-08
3.69956e-08
2.9698e-08
4.50448e-08
7.27059e-08
7.94943e-08
4.19838e-09
1.3296e-08
8.21756e-09
3.4361e-08
1.09074e-08
1.32064e-08
1.75358e-08
4.8352e-08
2.63389e-08
4.08781e-08
3.44474e-08
3.87609e-08
3.73154e-08
4.77537e-08
5.21536e-08
1.50354e-08
2.01562e-08
2.3611e-08
2.43331e-08
3.18634e-08
7.02491e-08
2.11876e-08
4.80452e-08
1.99069e-08
9.44082e-09
2.9071e-08
2.70856e-08
2.41334e-08
3.15698e-08
7.83319e-08
1.51083e-08
2.19964e-08
2.00132e-08
4.01116e-08
2.00517e-08
6.38899e-08
1.07523e-08
2.37295e-08
3.06117e-08
1.16141e-08
5.4402e-09
7.58278e-08
2.91237e-08
3.03354e-08
4.11598e-08
6.205e-08
3.76521e-08
2.21987e-08
7.16248e-08
3.92463e-08
3.90602e-08
2.41695e-08
3.44125e-08
4.18678e-08
5.6019e-08
7.35119e-08
7.04699e-08
3.58542e-08
3.2423e-08
3.41479e-08
2.05669e-08
1.09182e-08
1.02725e-08
2.2545e-08
2.99829e-08
2.69326e-08
3.38834e-08
1.27246e-08
6.55667e-08
2.12516e-08
2.4939e-09
2.15633e-09
1.53797e-08
1.48716e-08
2.78979e-08
1.63986e-07
3.13864e-08
4.45253e-08
7.11399e-08
2.63192e-08
5.25599e-09
8.26606e-08
8.92822e-08
1.09403e-07
4.57441e-08
2.75627e-08
4.9608e-08
1.84201e-08
6.14471e-08
7.64166e-08
5.06109e-08
1.68301e-08
1.04335e-08
9.36082e-09
1.50564e-08
1.41215e-08
2.05816e-08
1.84958e-08
2.8997e-08
2.14949e-08
2.16942e-08
3.73065e-09
6.31309e-08
7.81283e-08
1.37556e-08
7.25134e-09
4.33634e-08
4.59796e-09
2.84959e-08
3.36201e-08
1.60577e-08
3.58039e-08
4.75356e-08
3.87001e-08
2.56108e-08
4.12076e-08
3.13337e-08
3.5417e-08
4.32105e-08
2.25675e-08
1.30536e-08
4.88708e-08
6.84545e-08
2.93987e-08
4.93474e-08
3.82934e-08
3.48349e-08
4.36384e-08
5.79198e-08
6.96278e-08
1.19416e-08
1.6116e-08
3.74418e-09
2.48418e-08
3.72474e-08
9.89677e-08
2.95537e-08
1.18133e-07
9.02254e-08
9.12359e-08
2.16658e-08
1.74053e-08
1.86203e-08
5.6296e-08
5.27685e-08
7.02365e-08
5.66583e-08
4.02139e-09
1.57711e-08
2.64005e-08
6.243e-08
4.56342e-08
4.25836e-08
1.54151e-08
2.50283e-08
2.28663e-08
6.18751e-08
2.97753e-08
