N= 1000;
M = 100;

%Surf = cylinder; 1;0;70; 3;0,0,-35;20;
%Surf = cylinder; 2;0;71; 3;0,0,-35.5;20.55;
%Surf = para_plane; 3;0;3;0;

%Cell = Water; 1;0; 2;1,0,3,0; 1;0;0;
%Cell = Air; 2;0; 2; 1,0,3,1; 1;0;0;
%Cell = Iron; 3;0; 2; 1,1,2,0; 1;0;0;
%Cell = Outside; 4;0; 1;2,1; 2;0;0;

%Subspace = 0;4;-20,20,-20,20,-35.5,35.5;


Surf = cylinder; 1;1;0; 3;0,0,0;0.45;
Surf = Hex; 2;1; 0;3; 0,0,0; 1;

Cell = Fuel;1;1; 1;1,0; 1;0;
Cell = HexPrism; 2;1; 2; 1,1,2,0; 2;0;0;
Cell = out; 3;1; 1; 2,1; 5;0;0;

Subspace = 1;2;-1.1,1.1,-1.1,1.1;


Surf = cylinder;12;2;0;3;0,0,0;4.7;

Cell = void; 11;2; 1;12,0; 0;2;0;1; 0.0, 0.0, 0.0;
Cell = Outside; 12;2; 1;12,1; 9;0;

Subspace = 2;11;-5,5,-5,5,-5,5;


%Surf = cylinder;   1;2;  7;   3;0,0,-3.5;2;
%Surf = cylinder;   2;2;  7.1; 3;0,0,-3.55;2.05;
%Surf = para_plane; 3;2;  3; 0;
%Surf = cubid;      4;2; 4.12;4.12;7.12;-2.06,-2.06,-3.56

%Cell = Water;         1;2;    2;1,0,3,0; 1;0;0;
%Cell = Air;           2;2;    2;1,0,3,1; 1;0;0;
%Cell = Iron;          3;2;    2;1,1,2,0; 1;0;0;
%Cell = Outside_dummy; 4;2;    2;4,0,2,1;     2;0;0;
%Cell = Outside;       5;2;    1;4,1;     2;0;0

%Subspace = 2;4; -2.05,2.05, -2.05,2.05, -3.55,3.55;

