Nat_U
Total cross section. 
****************************************
1.005e-11;355.229
1.06369e-11;345.672
1.1258e-11;335.578
1.19154e-11;326.522
1.26111e-11;317.151
1.33475e-11;308.423
1.41269e-11;299.757
1.49519e-11;291.229
1.58249e-11;283.208
1.6749e-11;275.278
1.7727e-11;267.598
1.87622e-11;260.404
1.98578e-11;252.79
2.10173e-11;245.964
2.22446e-11;238.927
2.35435e-11;232.33
2.49183e-11;225.706
2.63734e-11;219.493
2.79134e-11;213.191
2.95433e-11;207.353
3.12685e-11;201.527
3.30943e-11;195.801
3.50268e-11;190.39
3.70721e-11;185.255
3.92369e-11;180.093
4.15281e-11;174.895
4.3953e-11;170.074
4.65196e-11;165.274
4.9236e-11;160.633
5.2111e-11;156.255
5.5154e-11;151.826
5.83746e-11;147.614
6.17833e-11;143.417
6.5391e-11;139.472
6.92094e-11;135.489
7.32507e-11;131.756
7.7528e-11;128.079
8.20552e-11;124.461
8.68466e-11;120.982
9.19179e-11;117.764
9.72852e-11;114.43
1.02966e-10;111.219
1.08979e-10;108.126
1.15342e-10;105.078
1.22077e-10;102.148
1.29206e-10;99.302
1.36751e-10;96.4781
1.44736e-10;93.8356
1.53187e-10;91.1994
1.62133e-10;88.6234
1.716e-10;86.1833
1.8162e-10;83.8586
1.92226e-10;81.5316
2.0345e-10;79.1999
2.1533e-10;77.0449
2.27904e-10;74.8309
2.41212e-10;72.7965
2.55297e-10;70.7321
2.70205e-10;68.779
2.85983e-10;66.8671
3.02683e-10;64.9657
3.20357e-10;63.1914
3.39064e-10;61.4353
3.58863e-10;59.7339
3.79818e-10;58.1373
4.01997e-10;56.4501
4.25471e-10;54.922
4.50315e-10;53.3503
4.7661e-10;51.9069
5.04441e-10;50.4386
5.33897e-10;49.0858
5.65073e-10;47.6721
5.98069e-10;46.3902
6.32993e-10;45.0767
6.69955e-10;43.8412
7.09076e-10;42.6256
7.50481e-10;41.4199
7.94304e-10;40.2924
8.40686e-10;39.1781
8.89776e-10;38.1015
9.41733e-10;37.0821
9.96724e-10;36.0032
1.05493e-09;35.0458
1.11653e-09;34.0441
1.18172e-09;33.1254
1.25073e-09;32.1768
1.32376e-09;31.311
1.40106e-09;30.434
1.48287e-09;29.5875
1.56946e-09;28.7756
1.66111e-09;27.974
1.75811e-09;27.1934
1.86077e-09;26.4774
1.96942e-09;25.7196
2.08442e-09;25.0249
2.20614e-09;24.3311
2.33496e-09;23.6377
2.47131e-09;22.9967
2.61562e-09;22.3382
2.76835e-09;21.7327
2.93e-09;21.1188
3.1011e-09;20.5368
3.28218e-09;19.9673
3.47384e-09;19.4007
3.67668e-09;18.8725
3.89138e-09;18.349
4.11861e-09;17.8368
4.35911e-09;17.3382
4.61365e-09;16.8631
4.88305e-09;16.3982
5.16819e-09;15.9552
5.46998e-09;15.5133
5.78939e-09;15.0824
6.12745e-09;14.6631
6.48525e-09;14.2591
6.86394e-09;13.8537
7.26475e-09;13.4765
7.68896e-09;13.0993
8.13794e-09;12.7281
8.61314e-09;12.3766
9.11609e-09;12.0439
9.64841e-09;11.7071
1.02118e-08;11.3736
1.08081e-08;11.0609
1.14392e-08;10.7448
1.21072e-08;10.4474
1.28142e-08;10.1517
1.35624e-08;9.8641
1.43544e-08;9.58862
1.51926e-08;9.31396
1.60797e-08;9.04955
1.70187e-08;8.79388
1.80125e-08;8.54785
1.90643e-08;8.30625
2.01775e-08;8.05755
2.13557e-08;7.83345
2.26027e-08;7.59627
2.39226e-08;7.37951
2.53195e-08;7.15682
2.6798e-08;6.94889
2.83628e-08;6.73625
3.0019e-08;6.54089
3.17719e-08;6.34333
3.36272e-08;6.15364
3.55908e-08;5.97029
3.7669e-08;5.78897
3.98686e-08;5.61147
4.21967e-08;5.44101
4.46607e-08;5.27697
4.72686e-08;5.11592
5.00287e-08;4.95566
5.295e-08;4.80413
5.6042e-08;4.66104
5.93144e-08;4.51399
6.2778e-08;4.37717
6.64438e-08;4.24292
7.03237e-08;4.11176
7.44301e-08;3.98869
7.87763e-08;3.86789
8.33763e-08;3.7508
8.82449e-08;3.638
9.33978e-08;3.52838
9.88516e-08;3.42351
1.04624e-07;3.32387
1.10733e-07;3.22888
1.17199e-07;3.14086
1.24043e-07;3.05148
1.31286e-07;2.97228
1.38952e-07;2.8936
1.47066e-07;2.82666
1.55654e-07;2.76705
1.64743e-07;2.7127
1.74363e-07;2.66364
1.84544e-07;2.6288
1.95321e-07;2.60702
2.06726e-07;2.59962
2.18797e-07;2.61957
2.31574e-07;2.66115
2.45096e-07;2.72654
2.59408e-07;2.79961
2.74555e-07;2.85478
2.90588e-07;2.84315
3.07556e-07;2.73007
3.25515e-07;2.53847
3.44523e-07;2.31348
3.64641e-07;2.09717
3.85933e-07;1.91241
4.08469e-07;1.7627
4.32321e-07;1.64067
4.57565e-07;1.54184
4.84284e-07;1.4635
5.12563e-07;1.39225
5.42493e-07;1.33238
5.74171e-07;1.28277
6.07699e-07;1.2392
6.43184e-07;1.20038
6.80742e-07;1.16662
7.20492e-07;1.14126
7.62564e-07;1.12049
8.07093e-07;1.10801
8.54221e-07;1.10969
9.04102e-07;1.12466
9.56895e-07;1.18048
1.01277e-06;1.30915
1.07191e-06;1.60301
1.1345e-06;1.86233
1.20075e-06;1.29225
1.27087e-06;0.880865
1.34508e-06;0.755308
1.42362e-06;0.70985
1.50675e-06;0.687298
1.59473e-06;0.673413
1.68785e-06;0.663048
1.78641e-06;0.657196
1.89073e-06;0.667173
2.00113e-06;1.03582
2.11798e-06;0.713096
2.24166e-06;0.622929
2.37256e-06;0.606232
2.5111e-06;0.594143
2.65773e-06;0.579868
2.81292e-06;0.659981
2.97718e-06;0.74073
3.15103e-06;1.16999
3.33502e-06;0.699469
3.52977e-06;1.12963
3.73588e-06;0.703901
3.95403e-06;0.523482
4.18492e-06;0.515842
4.42929e-06;0.542799
4.68793e-06;0.580162
4.96167e-06;0.699543
5.2514e-06;0.589166
5.55805e-06;0.689926
5.8826e-06;0.769095
6.2261e-06;1.78812
6.58966e-06;53.2744
6.97445e-06;2.93039
7.38172e-06;0.97694
7.81276e-06;0.70794
8.26897e-06;0.745142
8.75182e-06;9.07914
9.26287e-06;2.09304
9.80375e-06;0.822945
1.03762e-05;0.692172
1.09821e-05;0.617667
1.16234e-05;4.93175
1.23021e-05;4.51458
1.30205e-05;0.690097
1.37808e-05;1.17685
1.45855e-05;1.18924
1.54372e-05;1.58866
1.63386e-05;0.530562
1.72927e-05;0.467928
1.83025e-05;0.674751
1.93712e-05;8.42727
2.05024e-05;3.06788
2.16995e-05;1.65396
2.29667e-05;2.16232
2.43077e-05;1.7316
2.57272e-05;1.22476
2.72294e-05;0.710992
2.88195e-05;0.540327
3.05023e-05;0.700017
3.22834e-05;1.04669
3.41686e-05;1.26682
3.61638e-05;4.01295
3.82755e-05;2.10856
4.05105e-05;1.36468
4.28761e-05;0.939458
4.53797e-05;0.831768
4.80296e-05;1.71848
5.08342e-05;1.04377
5.38026e-05;0.688429
5.69443e-05;0.83233
6.02694e-05;1.04794
6.37888e-05;0.633788
6.75136e-05;1.18101
7.14559e-05;0.825047
7.56284e-05;1.15974
8.00446e-05;0.670716
8.47187e-05;0.999345
8.96657e-05;0.769023
9.49015e-05;0.592771
0.000100443;0.425755
0.000106308;1.2216
0.000112516;0.659525
0.000119086;1.20765
0.00012604;1.56472
0.0001334;1.46173
0.00014119;0.619683
0.000149434;0.873601
0.00015816;0.630638
0.000167395;0.627261
0.00017717;1.00273
0.000187516;0.392836
0.000198465;1.35235
0.000210054;1.66351
0.00022232;0.819216
0.000235302;0.551413
0.000249042;1.20935
0.000263584;0.762341
0.000278976;0.908632
0.000295266;0.760618
0.000312508;0.753752
0.000330756;0.648731
0.00035007;1.19715
0.000370512;0.969933
0.000392147;0.952319
0.000415046;0.873466
0.000439281;0.937194
0.000464932;0.644583
0.000492081;0.621273
0.000520816;0.927337
0.000551228;0.687892
0.000583416;0.660166
0.000617483;0.545694
0.00065354;0.522263
0.000691702;0.527857
0.000732093;1.19544
0.000774842;0.59038
0.000820087;0.379111
0.000867975;1.05637
0.000918659;0.493885
0.000972302;0.634252
0.00102908;0.942835
0.00108917;0.615086
0.00115277;0.695418
0.00122008;0.744344
0.00129133;0.713055
0.00136673;0.547016
0.00144654;0.729996
0.00153101;0.747779
0.00162041;0.428696
0.00171503;0.656272
0.00181517;0.780416
0.00192117;0.54025
0.00203335;0.892198
0.00215209;6.12617
0.00227775;0.549299
0.00241076;0.703858
0.00255153;1.73849
0.00270052;0.724061
0.00285821;0.434722
0.00302511;0.581209
0.00320176;0.54957
0.00338872;0.809011
0.0035866;0.741682
0.00379603;0.781135
0.00401769;0.666808
0.0042523;0.607766
0.0045006;0.452995
0.00476341;0.568688
0.00504156;1.063
0.00533595;0.547302
0.00564753;0.459707
0.00597731;1.09943
0.00632635;0.613301
0.00669576;0.491199
0.00708675;0.646595
0.00750056;0.555873
0.00793855;0.568582
0.0084021;0.857317
0.00889273;0.788421
0.009412;0.514255
0.0099616;0.634399
0.0105433;0.74382
0.0111589;0.740736
0.0118106;0.732383
0.0125002;0.726231
0.0132301;0.726244
0.0140027;0.718315
0.0148203;0.713904
0.0156857;0.707632
0.0166017;0.70409
0.0175711;0.700354
0.0185971;0.695858
0.0196831;0.690622
0.0208324;0.687682
0.0220489;0.686269
0.0233364;0.680059
0.0246991;0.675411
0.0261414;0.671102
0.0276679;0.66761
0.0292835;0.663873
0.0309934;0.660259
0.0328032;0.656613
0.0347187;0.652802
0.036746;0.649226
0.0388918;0.645561
0.0411628;0.641899
0.0435664;0.638244
0.0461104;0.634301
0.0488029;0.630798
0.0516527;0.626525
0.0546688;0.622771
0.0578611;0.618863
0.0612398;0.614988
0.0648158;0.611047
0.0686006;0.606898
0.0726064;0.602783
0.0768461;0.598469
0.0813334;0.59408
0.0860827;0.589598
0.0911093;0.584705
0.0964295;0.579872
0.10206;0.575821
0.10802;0.572571
0.114328;0.56825
0.121004;0.563293
0.128069;0.558317
0.135548;0.553225
0.143463;0.547969
0.15184;0.542532
0.160706;0.537007
0.170091;0.531363
0.180023;0.525427
0.190535;0.519434
0.201661;0.513176
0.213436;0.506852
0.225899;0.500181
0.23909;0.493452
0.253052;0.48649
0.267828;0.479388
0.283468;0.472116
0.30002;0.464485
0.317539;0.458851
0.336081;0.452404
0.355706;0.445805
0.376477;0.438985
0.398461;0.431787
0.421728;0.424764
0.446354;0.417482
0.472418;0.410549
0.500004;0.403385
0.529201;0.396549
0.560103;0.389566
0.592809;0.3826
0.627425;0.375723
0.664062;0.368884
0.702839;0.362226
0.74388;0.355981
0.787317;0.350123
0.833291;0.344808
0.88195;0.339955
0.933449;0.335759
0.987957;0.331788
1.04565;0.327937
1.10671;0.324313
1.17133;0.322808
1.23973;0.32146
1.31212;0.320653
1.38874;0.320826
1.46983;0.321809
1.55566;0.322169
1.6465;0.31979
1.74264;0.314159
1.8444;0.307114
1.9521;0.300297
2.06609;0.29467
2.18673;0.290927
2.31443;0.288215
2.44957;0.287119
2.59261;0.287437
2.744;0.288915
2.90423;0.290989
3.07382;0.293202
3.25331;0.295494
3.44328;0.297763
3.64434;0.299201
3.85715;0.299416
4.08238;0.298402
4.32076;0.295896
4.57307;0.292145
4.8401;0.286796
5.12273;0.279624
5.42186;0.270403
5.73846;0.264978
6.07355;0.262153
6.4282;0.263567
6.80357;0.264635
7.20085;0.263504
7.62133;0.259168
8.06636;0.252753
8.53738;0.245485
9.03591;0.237956
9.56354;0.230292
10.122;0.223212
10.713;0.217474
11.3386;0.21294
12.0007;0.209912
12.7015;0.209912
13.4431;0.214179
14.2281;0.21977
15.059;0.223679
15.9383;0.229377
16.869;0.231814
17.854;0.233548
18.8966;0.236745
20;0.244944
