C-nat
Total cross section. 
****************************************
1.005e-11;432.087
1.06369e-11;420.517
1.1258e-11;408.296
1.19154e-11;397.334
1.26111e-11;385.992
1.33475e-11;375.431
1.41269e-11;364.946
1.49519e-11;354.63
1.58249e-11;344.929
1.6749e-11;335.339
1.7727e-11;326.055
1.87622e-11;317.36
1.98578e-11;308.158
2.10173e-11;299.845
2.22446e-11;291.382
2.35435e-11;283.362
2.49183e-11;275.454
2.63734e-11;267.905
2.79134e-11;260.395
2.95433e-11;253.383
3.12685e-11;246.232
3.30943e-11;239.48
3.50268e-11;232.827
3.70721e-11;226.638
3.92369e-11;220.368
4.15281e-11;214.21
4.3953e-11;208.383
4.65196e-11;202.598
4.9236e-11;197.048
5.2111e-11;191.797
5.5154e-11;186.479
5.83746e-11;181.426
6.17833e-11;176.392
6.5391e-11;171.664
6.92094e-11;166.893
7.32507e-11;162.424
7.7528e-11;158.026
8.20552e-11;153.701
8.68466e-11;149.545
9.19179e-11;145.705
9.72852e-11;141.729
1.02966e-10;137.901
1.08979e-10;134.218
1.15342e-10;130.591
1.22077e-10;127.108
1.29206e-10;123.727
1.36751e-10;120.376
1.44736e-10;117.243
1.53187e-10;114.12
1.62133e-10;111.072
1.716e-10;108.188
1.8162e-10;105.443
1.92226e-10;102.698
2.0345e-10;99.942
2.1533e-10;97.3831
2.27904e-10;94.8157
2.41212e-10;92.3955
2.55297e-10;89.9822
2.70205e-10;87.6939
2.85983e-10;85.4813
3.02683e-10;83.2709
3.20357e-10;81.1729
3.39064e-10;79.127
3.58863e-10;77.1327
3.79818e-10;75.2443
4.01997e-10;73.3144
4.25471e-10;71.5041
4.50315e-10;69.7109
4.7661e-10;68.0192
5.04441e-10;66.3246
5.33897e-10;64.7579
5.65073e-10;63.121
5.98069e-10;61.639
6.32993e-10;60.1211
6.69955e-10;58.6949
7.09076e-10;57.2928
7.50481e-10;55.903
7.94304e-10;54.6049
8.40686e-10;53.3227
8.89776e-10;52.0851
9.41733e-10;50.9145
9.96724e-10;49.6755
1.05493e-09;48.5778
1.11653e-09;47.4294
1.18172e-09;46.3776
1.25073e-09;45.2918
1.32376e-09;44.3023
1.40106e-09;43.3002
1.48287e-09;42.3337
1.56946e-09;41.4076
1.66111e-09;40.4939
1.75811e-09;39.6047
1.86077e-09;38.79
1.96942e-09;37.9278
2.08442e-09;37.1315
2.20614e-09;36.3386
2.33496e-09;35.5608
2.47131e-09;34.829
2.61562e-09;34.089
2.76835e-09;33.3967
2.93e-09;32.7157
3.1011e-09;32.0457
3.28218e-09;31.4075
3.47384e-09;30.7648
3.67668e-09;30.1685
3.89138e-09;29.5708
4.11861e-09;28.9975
4.35911e-09;28.4347
4.61365e-09;27.8932
4.88305e-09;27.3702
5.16819e-09;26.8694
5.46998e-09;26.3707
5.78939e-09;25.8845
6.12745e-09;25.4116
6.48525e-09;24.9566
6.86394e-09;24.5002
7.26475e-09;24.0763
7.68896e-09;23.6527
8.13794e-09;23.2363
8.61314e-09;22.8424
9.11609e-09;22.4694
9.64841e-09;22.0921
1.02118e-08;21.7183
1.08081e-08;21.3678
1.14392e-08;21.0138
1.21072e-08;20.6809
1.28142e-08;20.3502
1.35624e-08;20.0288
1.43544e-08;19.7214
1.51926e-08;19.4152
1.60797e-08;19.1211
1.70187e-08;18.8371
1.80125e-08;18.5643
1.90643e-08;18.2966
2.01775e-08;18.0212
2.13557e-08;17.7731
2.26027e-08;17.5105
2.39226e-08;17.2723
2.53195e-08;17.026
2.6798e-08;16.7991
2.83628e-08;16.5645
3.0019e-08;16.3504
3.17719e-08;16.1324
3.36272e-08;15.925
3.55908e-08;15.7231
3.7669e-08;15.5234
3.98686e-08;15.3308
4.21967e-08;15.1445
4.46607e-08;14.9652
4.72686e-08;14.7906
5.00287e-08;14.6135
5.295e-08;14.4496
5.6042e-08;14.2891
5.93144e-08;14.1306
6.2778e-08;13.9782
6.64438e-08;13.8316
7.03237e-08;13.6872
7.44301e-08;13.5501
7.87763e-08;13.417
8.33763e-08;13.2873
8.82449e-08;13.1622
9.33978e-08;13.0424
9.88516e-08;12.9238
1.04624e-07;12.8125
1.10733e-07;12.704
1.17199e-07;12.6029
1.24043e-07;12.5005
1.31286e-07;12.4082
1.38952e-07;12.3159
1.47066e-07;12.2341
1.55654e-07;12.1586
1.64743e-07;12.0874
1.74363e-07;12.0214
1.84544e-07;11.9682
1.95321e-07;11.9235
2.06726e-07;11.8905
2.18797e-07;11.8783
2.31574e-07;11.8843
2.45096e-07;11.909
2.59408e-07;11.9398
2.74555e-07;11.9558
2.90588e-07;11.9247
3.07556e-07;11.8163
3.25515e-07;11.6505
3.44523e-07;11.4595
3.64641e-07;11.2761
3.85933e-07;11.116
4.08469e-07;10.9836
4.32321e-07;10.8721
4.57565e-07;10.7791
4.84284e-07;10.7004
5.12563e-07;10.6278
5.42493e-07;10.5654
5.74171e-07;10.5097
6.07699e-07;10.4574
6.43184e-07;10.4098
6.80742e-07;10.3673
7.20492e-07;10.33
7.62564e-07;10.2961
8.07093e-07;10.2698
8.54221e-07;10.253
9.04102e-07;10.2467
9.56895e-07;10.2712
1.01277e-06;10.35
1.07191e-06;10.5539
1.1345e-06;10.7309
1.20075e-06;10.2849
1.27087e-06;9.9577
1.34508e-06;9.84592
1.42362e-06;9.79319
1.50675e-06;9.75671
1.59473e-06;9.72758
1.68785e-06;9.7
1.78641e-06;9.67523
1.89073e-06;9.6622
2.00113e-06;9.91699
2.11798e-06;9.65388
2.24166e-06;9.56395
2.37256e-06;9.52782
2.5111e-06;9.49377
2.65773e-06;9.45753
2.81292e-06;9.49187
2.97718e-06;9.52519
3.15103e-06;9.81981
3.33502e-06;9.43876
3.52977e-06;9.73279
3.73588e-06;9.38718
3.95403e-06;9.22949
4.18492e-06;9.21402
4.42929e-06;9.795
4.68793e-06;9.26953
4.96167e-06;9.42958
5.2514e-06;9.55096
5.55805e-06;10.211
5.8826e-06;12.0978
6.2261e-06;22.6601
6.58966e-06;1364.71
6.97445e-06;60.3546
7.38172e-06;20.1905
7.81276e-06;14.2905
8.26897e-06;12.2964
8.75182e-06;17.5587
9.26287e-06;11.7303
9.80375e-06;10.3782
1.03762e-05;10.1638
1.09821e-05;9.66231
1.16234e-05;12.672
1.23021e-05;12.1376
1.30205e-05;9.05558
1.37808e-05;9.19645
1.45855e-05;8.95877
1.54372e-05;8.97429
1.63386e-05;7.84061
1.72927e-05;7.3718
1.83025e-05;7.02747
1.93712e-05;12.9408
2.05024e-05;67.2625
2.16995e-05;37.8187
2.29667e-05;17.241
2.43077e-05;13.2619
2.57272e-05;11.2389
2.72294e-05;9.7889
2.88195e-05;8.72528
3.05023e-05;7.83277
3.22834e-05;6.79669
3.41686e-05;5.43016
3.61638e-05;94.5919
3.82755e-05;43.334
4.05105e-05;20.8819
4.28761e-05;16.0577
4.53797e-05;14.165
4.80296e-05;13.4915
5.08342e-05;12.1186
5.38026e-05;11.0946
5.69443e-05;10.3918
6.02694e-05;9.39287
6.37888e-05;6.62417
6.75136e-05;27.0737
7.14559e-05;13.7997
7.56284e-05;12.0963
8.00446e-05;10.1877
8.47187e-05;10.5789
8.96657e-05;9.38651
9.49015e-05;7.17191
0.000100443;3.06171
0.000106308;23.1338
0.000112516;12.3575
0.000119086;21.6305
0.00012604;14.478
0.0001334;13.3395
0.00014119;11.4624
0.000149434;11.0894
0.00015816;9.96036
0.000167395;9.6893
0.00017717;7.22867
0.000187516;5.49077
0.000198465;18.8425
0.000210054;34.8838
0.00022232;14.5881
0.000235302;9.40607
0.000249042;13.8616
0.000263584;14.8129
0.000278976;13.7738
0.000295266;13.7239
0.000312508;12.2666
0.000330756;10.7427
0.00035007;25.7851
0.000370512;12.6598
0.000392147;11.5486
0.000415046;12.8135
0.000439281;12.8211
0.000464932;11.8451
0.000492081;10.569
0.000520816;15.6232
0.000551228;11.5078
0.000583416;12.0135
0.000617483;8.91721
0.00065354;8.05486
0.000691702;6.97765
0.000732093;17.7163
0.000774842;10.3112
0.000820087;4.74763
0.000867975;13.0627
0.000918659;8.49682
0.000972302;10.9604
0.00102908;20.5249
0.00108917;10.5004
0.00115277;13.3593
0.00122008;12.1835
0.00129133;12.1868
0.00136673;9.52892
0.00144654;12.0957
0.00153101;14.6211
0.00162041;6.71423
0.00171503;12.8627
0.00181517;13.8181
0.00192117;10.0401
0.00203335;19.1331
0.00215209;152.955
0.00227775;9.50529
0.00241076;13.4387
0.00255153;40.1837
0.00270052;14.2545
0.00285821;6.80988
0.00302511;10.6226
0.00320176;9.72307
0.00338872;16.4341
0.0035866;14.8067
0.00379603;15.6293
0.00401769;12.8536
0.0042523;11.229
0.0045006;7.42039
0.00476341;10.5285
0.00504156;23.3431
0.00533595;10.0241
0.00564753;7.76364
0.00597731;24.1467
0.00632635;11.8018
0.00669576;8.72647
0.00708675;12.7375
0.00750056;10.3699
0.00793855;10.7963
0.0084021;18.139
0.00889273;16.5156
0.009412;9.36142
0.0099616;12.6146
0.0105433;15.3771
0.0111589;15.2725
0.0118106;15.158
0.0125002;15.0568
0.0132301;14.9619
0.0140027;14.8554
0.0148203;14.7655
0.0156857;14.6691
0.0166017;14.5796
0.0175711;14.4907
0.0185971;14.4036
0.0196831;14.3168
0.0208324;14.2366
0.0220489;14.1568
0.0233364;14.0721
0.0246991;13.9941
0.0261414;13.9132
0.0276679;13.8397
0.0292835;13.762
0.0309934;13.6873
0.0328032;13.6139
0.0347187;13.5363
0.036746;13.4644
0.0388918;13.3901
0.0411628;13.3162
0.0435664;13.2428
0.0461104;13.1682
0.0488029;13.0944
0.0516527;13.0194
0.0546688;12.9434
0.0578611;12.868
0.0612398;12.7914
0.0648158;12.7149
0.0686006;12.6339
0.0726064;12.5533
0.0768461;12.4709
0.0813334;12.3857
0.0860827;12.3002
0.0911093;12.2109
0.0964295;12.1209
0.10206;12.029
0.10802;11.937
0.114328;11.8391
0.121004;11.7363
0.128069;11.635
0.135548;11.5279
0.143463;11.4171
0.15184;11.3045
0.160706;11.1884
0.170091;11.071
0.180023;10.9468
0.190535;10.822
0.201661;10.6911
0.213436;10.5596
0.225899;10.4204
0.23909;10.2802
0.253052;10.1353
0.267828;9.98782
0.283468;9.83735
0.30002;9.67815
0.317539;9.57056
0.336081;9.44337
0.355706;9.31009
0.376477;9.17031
0.398461;9.02082
0.421728;8.87561
0.446354;8.72298
0.472418;8.57757
0.500004;8.42647
0.529201;8.2857
0.560103;8.14253
0.592809;8.00365
0.627425;7.87076
0.664062;7.74103
0.702839;7.61688
0.74388;7.50222
0.787317;7.3951
0.833291;7.29824
0.88195;7.21096
0.933449;7.13828
0.987957;7.06963
1.04565;7.00691
1.10671;6.94964
1.17133;6.94291
1.23973;6.93788
1.31212;6.9374
1.38874;6.95305
1.46983;6.98298
1.55566;6.99282
1.6465;6.93025
1.74264;6.78317
1.8444;6.59561
1.9521;6.41304
2.06609;6.25543
2.18673;6.14154
2.31443;6.05449
2.44957;6.0092
2.59261;5.99801
2.744;6.01738
2.90423;6.05358
3.07382;6.09591
3.25331;6.14244
3.44328;6.18765
3.64434;6.21959
3.85715;6.22902
4.08238;6.20883
4.32076;6.15384
4.57307;6.06988
4.8401;5.95571
5.12273;5.80407
5.42186;5.59991
5.73846;5.493
6.07355;5.43561
6.4282;5.4751
6.80357;5.51261
7.20085;5.50011
7.62133;5.41068
8.06636;5.27431
8.53738;5.11596
9.03591;4.94886
9.56354;4.7725
10.122;4.61
10.713;4.47696
11.3386;4.36413
12.0007;4.27748
12.7015;4.24081
13.4431;4.30962
14.2281;4.41715
15.059;4.49479
15.9383;4.62241
16.869;4.67141
17.854;4.70785
18.8966;4.79002
20;4.99858
