C-nat
Total cross section. 
****************************************
1.005e-11;219.003
1.06369e-11;213.111
1.1258e-11;206.888
1.19154e-11;201.305
1.26111e-11;195.527
1.33475e-11;190.147
1.41269e-11;184.804
1.49519e-11;179.547
1.58249e-11;174.602
1.6749e-11;169.712
1.7727e-11;164.978
1.87622e-11;160.543
1.98578e-11;155.848
2.10173e-11;151.624
2.22446e-11;147.294
2.35435e-11;143.214
2.49183e-11;139.153
2.63734e-11;135.31
2.79134e-11;131.448
2.95433e-11;127.855
3.12685e-11;124.233
3.30943e-11;120.74
3.50268e-11;117.371
3.70721e-11;114.204
3.92369e-11;111.007
4.15281e-11;107.828
4.3953e-11;104.848
4.65196e-11;101.886
4.9236e-11;99.0314
5.2111e-11;96.3342
5.5154e-11;93.6035
5.83746e-11;91.007
6.17833e-11;88.4194
6.5391e-11;85.9874
6.92094e-11;83.5322
7.32507e-11;81.2304
7.7528e-11;78.9638
8.20552e-11;76.7332
8.68466e-11;74.5886
9.19179e-11;72.6047
9.72852e-11;70.5498
1.02966e-10;68.5699
1.08979e-10;66.6634
1.15342e-10;64.7845
1.22077e-10;62.9781
1.29206e-10;61.2239
1.36751e-10;59.4831
1.44736e-10;57.8542
1.53187e-10;56.2292
1.62133e-10;54.6414
1.716e-10;53.1373
1.8162e-10;51.7043
1.92226e-10;50.2701
2.0345e-10;48.8312
2.1533e-10;47.4972
2.27904e-10;46.1425
2.41212e-10;44.8807
2.55297e-10;43.6114
2.70205e-10;42.4079
2.85983e-10;41.2366
3.02683e-10;40.0689
3.20357e-10;38.9691
3.39064e-10;37.8882
3.58863e-10;36.8373
3.79818e-10;35.8459
4.01997e-10;34.8159
4.25471e-10;33.8654
4.50315e-10;32.9063
4.7661e-10;32.0126
5.04441e-10;31.1105
5.33897e-10;30.2774
5.65073e-10;29.4068
5.98069e-10;28.6174
6.32993e-10;27.8087
6.69955e-10;27.0481
7.09076e-10;26.2998
7.50481e-10;25.5578
7.94304e-10;24.8641
8.40686e-10;24.1784
8.89776e-10;23.516
9.41733e-10;22.889
9.96724e-10;22.2255
1.05493e-09;21.6369
1.11653e-09;21.0211
1.18172e-09;20.4566
1.25073e-09;19.8738
1.32376e-09;19.3421
1.40106e-09;18.8036
1.48287e-09;18.284
1.56946e-09;17.7859
1.66111e-09;17.2942
1.75811e-09;16.8155
1.86077e-09;16.3767
1.96942e-09;15.9123
2.08442e-09;15.485
2.20614e-09;15.0589
2.33496e-09;14.6371
2.47131e-09;14.2437
2.61562e-09;13.8429
2.76835e-09;13.471
2.93e-09;13.1001
3.1011e-09;12.7415
3.28218e-09;12.3957
3.47384e-09;12.0495
3.67668e-09;11.7278
3.89138e-09;11.4071
4.11861e-09;11.0966
4.35911e-09;10.7931
4.61365e-09;10.5026
4.88305e-09;10.2204
5.16819e-09;9.95094
5.46998e-09;9.68255
5.78939e-09;9.42096
6.12745e-09;9.16654
6.48525e-09;8.92185
6.86394e-09;8.67643
7.26475e-09;8.44848
7.68896e-09;8.22072
8.13794e-09;7.99689
8.61314e-09;7.7852
9.11609e-09;7.58502
9.64841e-09;7.3826
1.02118e-08;7.18229
1.08081e-08;6.99478
1.14392e-08;6.80544
1.21072e-08;6.62758
1.28142e-08;6.451
1.35624e-08;6.27953
1.43544e-08;6.11562
1.51926e-08;5.9524
1.60797e-08;5.79564
1.70187e-08;5.64436
1.80125e-08;5.49915
1.90643e-08;5.35685
2.01775e-08;5.21047
2.13557e-08;5.0791
2.26027e-08;4.94005
2.39226e-08;4.81381
2.53195e-08;4.68377
2.6798e-08;4.56353
2.83628e-08;4.44
3.0019e-08;4.32722
3.17719e-08;4.21294
3.36272e-08;4.10391
3.55908e-08;3.9984
3.7669e-08;3.89422
3.98686e-08;3.79315
4.21967e-08;3.69595
4.46607e-08;3.60261
4.72686e-08;3.51154
5.00287e-08;3.42029
5.295e-08;3.33516
5.6042e-08;3.25375
5.93144e-08;3.17159
6.2778e-08;3.09432
6.64438e-08;3.01933
7.03237e-08;2.94596
7.44301e-08;2.87703
7.87763e-08;2.80981
8.33763e-08;2.74466
8.82449e-08;2.682
9.33978e-08;2.62161
9.88516e-08;2.56329
1.04624e-07;2.50831
1.10733e-07;2.45566
1.17199e-07;2.40697
1.24043e-07;2.35762
1.31286e-07;2.31387
1.38952e-07;2.2704
1.47066e-07;2.23316
1.55654e-07;2.19978
1.64743e-07;2.16917
1.74363e-07;2.14141
1.84544e-07;2.12118
1.95321e-07;2.10738
2.06726e-07;2.101
2.18797e-07;2.10844
2.31574e-07;2.12702
2.45096e-07;2.15761
2.59408e-07;2.19215
2.74555e-07;2.21782
2.90588e-07;2.21022
3.07556e-07;2.15161
3.25515e-07;2.05377
3.44523e-07;1.9392
3.64641e-07;1.82913
3.85933e-07;1.73491
4.08469e-07;1.65845
4.32321e-07;1.59591
4.57565e-07;1.54517
4.84284e-07;1.50466
5.12563e-07;1.4678
5.42493e-07;1.43683
5.74171e-07;1.41096
6.07699e-07;1.38806
6.43184e-07;1.36767
6.80742e-07;1.34995
7.20492e-07;1.3364
7.62564e-07;1.32518
8.07093e-07;1.31825
8.54221e-07;1.3184
9.04102e-07;1.32528
9.56895e-07;1.3527
1.01277e-06;1.41671
1.07191e-06;1.56374
1.1345e-06;1.69341
1.20075e-06;1.40674
1.27087e-06;1.19975
1.34508e-06;1.13633
1.42362e-06;1.11309
1.50675e-06;1.10134
1.59473e-06;1.09403
1.68785e-06;1.08847
1.78641e-06;1.08519
1.89073e-06;1.08989
2.00113e-06;1.27461
2.11798e-06;1.1124
2.24166e-06;1.06691
2.37256e-06;1.05829
2.5111e-06;1.05196
2.65773e-06;1.04452
2.81292e-06;1.08449
2.97718e-06;1.12484
3.15103e-06;1.34011
3.33502e-06;1.10373
3.52977e-06;1.31945
3.73588e-06;1.10561
3.95403e-06;1.01489
4.18492e-06;1.01089
4.42929e-06;1.02425
4.68793e-06;1.0429
4.96167e-06;1.10267
5.2514e-06;1.04715
5.55805e-06;1.09758
5.8826e-06;1.13711
6.2261e-06;1.64796
6.58966e-06;27.4232
6.97445e-06;2.21921
7.38172e-06;1.24061
7.81276e-06;1.1058
8.26897e-06;1.12449
8.75182e-06;5.30765
9.26287e-06;1.80099
9.80375e-06;1.16341
1.03762e-05;1.09771
1.09821e-05;1.06028
1.16234e-05;3.22565
1.23021e-05;3.0162
1.30205e-05;1.09648
1.37808e-05;1.34076
1.45855e-05;1.34694
1.54372e-05;1.54739
1.63386e-05;1.01626
1.72927e-05;0.984791
1.83025e-05;1.08859
1.93712e-05;4.97987
2.05024e-05;2.28668
2.16995e-05;1.57842
2.29667e-05;1.83465
2.43077e-05;1.6186
2.57272e-05;1.36425
2.72294e-05;1.10638
2.88195e-05;1.02074
3.05023e-05;1.10092
3.22834e-05;1.27497
3.41686e-05;1.38551
3.61638e-05;2.75934
3.82755e-05;1.80602
4.05105e-05;1.43375
4.28761e-05;1.22052
4.53797e-05;1.16654
4.80296e-05;1.61167
5.08342e-05;1.27302
5.38026e-05;1.09469
5.69443e-05;1.16694
6.02694e-05;1.27521
6.37888e-05;1.06743
6.75136e-05;1.34105
7.14559e-05;1.16303
7.56284e-05;1.33112
8.00446e-05;1.08572
8.47187e-05;1.25065
8.96657e-05;1.13508
9.49015e-05;1.0467
0.000100443;0.963045
0.000106308;1.3614
0.000112516;1.07971
0.000119086;1.35427
0.00012604;1.53378
0.0001334;1.48203
0.00014119;1.05933
0.000149434;1.1867
0.00015816;1.06469
0.000167395;1.0629
0.00017717;1.2514
0.000187516;0.94523
0.000198465;1.42609
0.000210054;1.58135
0.00022232;1.15849
0.000235302;1.02423
0.000249042;1.35416
0.000263584;1.12961
0.000278976;1.20298
0.000295266;1.12859
0.000312508;1.12512
0.000330756;1.07237
0.00035007;1.34677
0.000370512;1.2333
0.000392147;1.22441
0.000415046;1.18465
0.000439281;1.21654
0.000464932;1.06961
0.000492081;1.05786
0.000520816;1.21114
0.000551228;1.09106
0.000583416;1.07701
0.000617483;1.0196
0.00065354;1.00778
0.000691702;1.01054
0.000732093;1.34499
0.000774842;1.04155
0.000820087;0.935682
0.000867975;1.27511
0.000918659;0.992885
0.000972302;1.0631
0.00102908;1.21717
0.00108917;1.05259
0.00115277;1.09215
0.00122008;1.11612
0.00129133;1.0998
0.00136673;1.01599
0.00144654;1.10707
0.00153101;1.11523
0.00162041;0.954871
0.00171503;1.06815
0.00181517;1.12981
0.00192117;1.00883
0.00203335;1.1844
0.00215209;3.80418
0.00227775;1.01154
0.00241076;1.08831
0.00255153;1.60567
0.00270052;1.09721
0.00285821;0.951733
0.00302511;1.02442
0.00320176;1.008
0.00338872;1.13726
0.0035866;1.10293
0.00379603;1.12208
0.00401769;1.0642
0.0042523;1.03405
0.0045006;0.955925
0.00476341;1.01323
0.00504156;1.25992
0.00533595;1.00016
0.00564753;0.954622
0.00597731;1.27312
0.00632635;1.02812
0.00669576;0.965306
0.00708675;1.04138
0.00750056;0.994333
0.00793855;0.99897
0.0084021;1.1419
0.00889273;1.10571
0.009412;0.966807
0.0099616;1.02525
0.0105433;1.07729
0.0111589;1.07278
0.0118106;1.06545
0.0125002;1.05904
0.0132301;1.05621
0.0140027;1.04923
0.0148203;1.04384
0.0156857;1.03777
0.0166017;1.03302
0.0175711;1.02803
0.0185971;1.02291
0.0196831;1.01726
0.0208324;1.01172
0.0220489;1.00637
0.0233364;0.998707
0.0246991;0.991775
0.0261414;0.985319
0.0276679;0.979182
0.0292835;0.972666
0.0309934;0.965706
0.0328032;0.958252
0.0347187;0.950386
0.036746;0.943117
0.0388918;0.935625
0.0411628;0.927698
0.0435664;0.919312
0.0461104;0.910773
0.0488029;0.902583
0.0516527;0.893572
0.0546688;0.884376
0.0578611;0.875402
0.0612398;0.866116
0.0648158;0.856357
0.0686006;0.846753
0.0726064;0.836806
0.0768461;0.826614
0.0813334;0.816343
0.0860827;0.805761
0.0911093;0.795017
0.0964295;0.784077
0.10206;0.773571
0.10802;0.763149
0.114328;0.752402
0.121004;0.741238
0.128069;0.729866
0.135548;0.718606
0.143463;0.707167
0.15184;0.695527
0.160706;0.684048
0.170091;0.672376
0.180023;0.66077
0.190535;0.64907
0.201661;0.637454
0.213436;0.625937
0.225899;0.61422
0.23909;0.602528
0.253052;0.591144
0.267828;0.579811
0.283468;0.568652
0.30002;0.557727
0.317539;0.548687
0.336081;0.540504
0.355706;0.534909
0.376477;0.535925
0.398461;0.55814
0.421728;0.65565
0.446354;0.655893
0.472418;0.528691
0.500004;0.482216
0.529201;0.459901
0.560103;0.444248
0.592809;0.431465
0.627425;0.420157
0.664062;0.409559
0.702839;0.399622
0.74388;0.390534
0.787317;0.382389
0.833291;0.375907
0.88195;0.373434
0.933449;0.386039
0.987957;0.440726
1.04565;0.396339
1.10671;0.35599
1.17133;0.340196
1.23973;0.333894
1.31212;0.39545
1.38874;0.321827
1.46983;0.312095
1.55566;0.30587
1.6465;0.321567
1.74264;0.290945
1.8444;0.294124
1.9521;0.279423
2.06609;0.268178
2.18673;0.259778
2.31443;0.240641
2.44957;0.245388
2.59261;0.245955
2.744;0.243868
2.90423;0.242088
3.07382;0.245752
3.25331;0.269506
3.44328;0.27736
3.64434;0.268721
3.85715;0.255372
4.08238;0.232549
4.32076;0.258656
4.57307;0.226473
4.8401;0.233132
5.12273;0.252769
5.42186;0.203186
5.73846;0.205177
6.07355;0.203857
6.4282;0.195271
6.80357;0.199801
7.20085;0.203899
7.62133;0.188658
8.06636;0.179403
8.53738;0.177513
9.03591;0.175754
9.56354;0.168313
10.122;0.166322
10.713;0.159052
11.3386;0.161961
12.0007;0.159323
12.7015;0.156374
13.4431;0.157947
14.2281;0.159792
15.059;0.162876
15.9383;0.161872
16.869;0.161842
17.854;0.162283
18.8966;0.163766
20;0.166238
